400.000	0.004
400.500	0.074
401.000	0.042
401.500	0.090
402.000	0.002
402.500	-0.039
403.000	-0.014
403.500	0.113
404.000	0.048
404.500	-0.018
405.000	-0.020
405.500	0.110
406.000	0.037
406.500	0.025
407.000	-0.013
407.500	0.056
408.000	0.014
408.500	0.111
409.000	-0.010
409.500	-0.047
410.000	0.019
410.500	0.159
411.000	0.086
411.500	0.023
412.000	-0.000
412.500	0.117
413.000	0.035
413.500	0.109
414.000	0.189
414.500	0.036
415.000	0.143
415.500	0.117
416.000	-0.026
416.500	0.058
417.000	-0.050
417.500	0.014
418.000	0.110
418.500	0.069
419.000	0.068
419.500	0.000
420.000	0.067
420.500	0.052
421.000	0.077
421.500	0.076
422.000	-0.045
422.500	0.021
423.000	0.026
423.500	0.073
424.000	0.094
424.500	-0.042
425.000	0.011
425.500	0.046
426.000	0.040
426.500	0.056
427.000	-0.029
427.500	0.098
428.000	0.042
428.500	0.060
429.000	0.051
429.500	0.075
430.000	0.054
430.500	0.109
431.000	0.086
431.500	0.069
432.000	0.080
432.500	0.077
433.000	0.052
433.500	0.062
434.000	0.077
434.500	0.101
435.000	0.105
435.500	0.076
436.000	0.127
436.500	0.153
437.000	0.070
437.500	0.033
438.000	0.024
438.500	0.071
439.000	0.043
439.500	0.085
440.000	0.081
440.500	0.219
441.000	0.108
441.500	0.025
442.000	0.088
442.500	0.122
443.000	0.086
443.500	0.084
444.000	0.106
444.500	0.233
445.000	0.062
445.500	0.166
446.000	0.073
446.500	0.149
447.000	0.095
447.500	0.107
448.000	0.012
448.500	0.067
449.000	0.069
449.500	0.042
450.000	0.045
450.500	0.115
451.000	0.159
451.500	0.075
452.000	0.129
452.500	-0.039
453.000	0.035
453.500	0.110
454.000	0.060
454.500	0.114
455.000	0.072
455.500	0.076
456.000	0.037
456.500	0.076
457.000	0.109
457.500	0.116
458.000	0.068
458.500	0.211
459.000	0.129
459.500	0.076
460.000	0.135
460.500	0.108
461.000	0.080
461.500	0.028
462.000	0.037
462.500	0.078
463.000	0.116
463.500	0.189
464.000	0.048
464.500	0.058
465.000	0.152
465.500	0.068
466.000	0.125
466.500	0.068
467.000	0.237
467.500	0.128
468.000	0.112
468.500	0.115
469.000	0.164
469.500	0.164
470.000	0.101
470.500	0.083
471.000	0.145
471.500	-0.023
472.000	0.165
472.500	0.038
473.000	0.042
473.500	0.127
474.000	0.149
474.500	0.224
475.000	0.127
475.500	0.209
476.000	0.145
476.500	0.178
477.000	0.115
477.500	0.137
478.000	0.161
478.500	0.099
479.000	0.107
479.500	0.221
480.000	0.235
480.500	0.192
481.000	0.118
481.500	0.146
482.000	0.181
482.500	0.105
483.000	0.132
483.500	0.098
484.000	0.147
484.500	0.059
485.000	0.159
485.500	0.140
486.000	0.120
486.500	0.077
487.000	0.176
487.500	0.151
488.000	0.146
488.500	0.140
489.000	0.005
489.500	0.162
490.000	0.121
490.500	0.207
491.000	0.198
491.500	0.204
492.000	0.211
492.500	0.198
493.000	0.049
493.500	0.163
494.000	0.172
494.500	0.145
495.000	0.251
495.500	0.118
496.000	0.158
496.500	0.080
497.000	0.156
497.500	0.126
498.000	0.217
498.500	0.241
499.000	0.174
499.500	0.094
500.000	0.271
500.500	0.225
501.000	0.292
501.500	0.170
502.000	0.199
502.500	0.167
503.000	0.131
503.500	0.128
504.000	0.245
504.500	0.230
505.000	0.206
505.500	0.193
506.000	0.193
506.500	0.220
507.000	0.228
507.500	0.214
508.000	0.216
508.500	0.191
509.000	0.233
509.500	0.251
510.000	0.222
510.500	0.189
511.000	0.193
511.500	0.155
512.000	0.256
512.500	0.244
513.000	0.219
513.500	0.153
514.000	0.249
514.500	0.119
515.000	0.239
515.500	0.258
516.000	0.299
516.500	0.145
517.000	0.308
517.500	0.298
518.000	0.213
518.500	0.284
519.000	0.229
519.500	0.295
520.000	0.209
520.500	0.319
521.000	0.297
521.500	0.318
522.000	0.234
522.500	0.215
523.000	0.281
523.500	0.312
524.000	0.310
524.500	0.255
525.000	0.344
525.500	0.241
526.000	0.358
526.500	0.356
527.000	0.188
527.500	0.280
528.000	0.257
528.500	0.319
529.000	0.364
529.500	0.289
530.000	0.243
530.500	0.450
531.000	0.314
531.500	0.326
532.000	0.360
532.500	0.319
533.000	0.379
533.500	0.316
534.000	0.334
534.500	0.234
535.000	0.342
535.500	0.329
536.000	0.343
536.500	0.384
537.000	0.247
537.500	0.327
538.000	0.378
538.500	0.408
539.000	0.363
539.500	0.454
540.000	0.451
540.500	0.366
541.000	0.424
541.500	0.307
542.000	0.291
542.500	0.373
543.000	0.337
543.500	0.471
544.000	0.466
544.500	0.413
545.000	0.416
545.500	0.456
546.000	0.398
546.500	0.416
547.000	0.502
547.500	0.367
548.000	0.463
548.500	0.548
549.000	0.425
549.500	0.476
550.000	0.520
550.500	0.429
551.000	0.512
551.500	0.480
552.000	0.479
552.500	0.437
553.000	0.498
553.500	0.434
554.000	0.470
554.500	0.455
555.000	0.565
555.500	0.481
556.000	0.555
556.500	0.477
557.000	0.536
557.500	0.383
558.000	0.528
558.500	0.620
559.000	0.628
559.500	0.578
560.000	0.504
560.500	0.593
561.000	0.593
561.500	0.610
562.000	0.583
562.500	0.605
563.000	0.567
563.500	0.552
564.000	0.597
564.500	0.620
565.000	0.588
565.500	0.663
566.000	0.664
566.500	0.622
567.000	0.638
567.500	0.656
568.000	0.506
568.500	0.636
569.000	0.615
569.500	0.744
570.000	0.693
570.500	0.530
571.000	0.628
571.500	0.703
572.000	0.668
572.500	0.699
573.000	0.675
573.500	0.637
574.000	0.622
574.500	0.692
575.000	0.715
575.500	0.727
576.000	0.671
576.500	0.714
577.000	0.618
577.500	0.679
578.000	0.648
578.500	0.741
579.000	0.696
579.500	0.685
580.000	0.679
580.500	0.729
581.000	0.678
581.500	0.714
582.000	0.756
582.500	0.766
583.000	0.760
583.500	0.821
584.000	0.847
584.500	0.743
585.000	0.813
585.500	0.786
586.000	0.740
586.500	0.851
587.000	0.695
587.500	0.787
588.000	0.795
588.500	0.747
589.000	0.821
589.500	0.835
590.000	0.760
590.500	0.806
591.000	0.755
591.500	0.794
592.000	0.775
592.500	0.738
593.000	0.739
593.500	0.750
594.000	0.757
594.500	0.806
595.000	0.812
595.500	0.857
596.000	0.883
596.500	0.850
597.000	0.715
597.500	0.939
598.000	0.955
598.500	0.789
599.000	0.788
599.500	0.835
600.000	0.891
600.500	0.809
601.000	0.771
601.500	0.877
602.000	0.882
602.500	0.933
603.000	0.881
603.500	0.813
604.000	0.738
604.500	0.847
605.000	0.844
605.500	0.831
606.000	0.811
606.500	0.908
607.000	0.808
607.500	0.848
608.000	0.816
608.500	0.814
609.000	0.835
609.500	0.787
610.000	0.887
610.500	0.753
611.000	0.794
611.500	0.760
612.000	0.743
612.500	0.795
613.000	0.782
613.500	0.634
614.000	0.831
614.500	0.730
615.000	0.682
615.500	0.810
616.000	0.758
616.500	0.789
617.000	0.797
617.500	0.817
618.000	0.661
618.500	0.757
619.000	0.790
619.500	0.757
620.000	0.730
620.500	0.782
621.000	0.755
621.500	0.783
622.000	0.790
622.500	0.715
623.000	0.784
623.500	0.757
624.000	0.720
624.500	0.746
625.000	0.631
625.500	0.655
626.000	0.665
626.500	0.598
627.000	0.719
627.500	0.690
628.000	0.609
628.500	0.676
629.000	0.696
629.500	0.726
630.000	0.618
630.500	0.573
631.000	0.704
631.500	0.602
632.000	0.587
632.500	0.609
633.000	0.759
633.500	0.756
634.000	0.609
634.500	0.634
635.000	0.599
635.500	0.763
636.000	0.533
636.500	0.656
637.000	0.583
637.500	0.643
638.000	0.567
638.500	0.534
639.000	0.554
639.500	0.674
640.000	0.555
640.500	0.475
641.000	0.536
641.500	0.573
642.000	0.528
642.500	0.518
643.000	0.515
643.500	0.476
644.000	0.577
644.500	0.440
645.000	0.470
645.500	0.460
646.000	0.588
646.500	0.554
647.000	0.497
647.500	0.425
648.000	0.541
648.500	0.530
649.000	0.452
649.500	0.408
650.000	0.543
650.500	0.507
651.000	0.622
651.500	0.511
652.000	0.517
652.500	0.453
653.000	0.418
653.500	0.477
654.000	0.435
654.500	0.495
655.000	0.646
655.500	0.428
656.000	0.444
656.500	0.442
657.000	0.398
657.500	0.386
658.000	0.434
658.500	0.467
659.000	0.486
659.500	0.458
660.000	0.386
660.500	0.502
661.000	0.394
661.500	0.453
662.000	0.434
662.500	0.438
663.000	0.402
663.500	0.490
664.000	0.408
664.500	0.276
665.000	0.454
665.500	0.338
666.000	0.363
666.500	0.313
667.000	0.329
667.500	0.298
668.000	0.357
668.500	0.358
669.000	0.351
669.500	0.447
670.000	0.438
670.500	0.275
671.000	0.362
671.500	0.313
672.000	0.359
672.500	0.337
673.000	0.410
673.500	0.304
674.000	0.352
674.500	0.299
675.000	0.309
675.500	0.279
676.000	0.295
676.500	0.344
677.000	0.331
677.500	0.283
678.000	0.312
678.500	0.372
679.000	0.183
679.500	0.305
680.000	0.327
680.500	0.263
681.000	0.274
681.500	0.221
682.000	0.331
682.500	0.231
683.000	0.362
683.500	0.224
684.000	0.285
684.500	0.343
685.000	0.313
685.500	0.344
686.000	0.283
686.500	0.304
687.000	0.252
687.500	0.308
688.000	0.346
688.500	0.288
689.000	0.290
689.500	0.180
690.000	0.227
690.500	0.230
691.000	0.243
691.500	0.176
692.000	0.270
692.500	0.322
693.000	0.243
693.500	0.198
694.000	0.291
694.500	0.127
695.000	0.359
695.500	0.200
696.000	0.234
696.500	0.248
697.000	0.280
697.500	0.132
698.000	0.282
698.500	0.296
699.000	0.238
699.500	0.232
700.000	0.248
700.500	0.209
701.000	0.277
701.500	0.286
702.000	0.307
702.500	0.168
703.000	0.233
703.500	0.144
704.000	0.262
704.500	0.346
705.000	0.276
705.500	0.384
706.000	0.267
706.500	0.071
707.000	0.230
707.500	0.273
708.000	0.243
708.500	0.164
709.000	0.211
709.500	0.289
710.000	0.243
710.500	0.259
711.000	0.205
711.500	0.193
712.000	0.265
712.500	0.254
713.000	0.292
713.500	0.258
714.000	0.167
714.500	0.254
715.000	0.140
715.500	0.128
716.000	0.133
716.500	0.121
717.000	0.245
717.500	0.136
718.000	0.245
718.500	0.165
719.000	0.244
719.500	0.330
720.000	0.239
720.500	0.212
721.000	0.244
721.500	0.081
722.000	0.144
722.500	0.192
723.000	0.147
723.500	0.168
724.000	0.203
724.500	0.287
725.000	0.202
725.500	0.161
726.000	0.193
726.500	0.218
727.000	0.176
727.500	0.154
728.000	0.202
728.500	0.152
729.000	0.110
729.500	0.257
730.000	0.164
730.500	0.204
731.000	0.091
731.500	0.247
732.000	0.225
732.500	0.264
733.000	0.205
733.500	0.089
734.000	0.176
734.500	0.085
735.000	0.118
735.500	0.158
736.000	0.036
736.500	0.187
737.000	0.137
737.500	0.127
738.000	0.164
738.500	0.140
739.000	0.138
739.500	0.173
740.000	0.207
740.500	0.288
741.000	0.089
741.500	0.085
742.000	0.217
742.500	0.209
743.000	0.169
743.500	0.170
744.000	0.201
744.500	0.193
745.000	0.147
745.500	0.197
746.000	0.108
746.500	0.116
747.000	0.197
747.500	0.134
748.000	0.213
748.500	0.154
749.000	0.193
749.500	0.146
750.000	0.066
750.500	0.061
751.000	0.098
751.500	0.126
752.000	0.031
752.500	0.022
753.000	0.095
753.500	0.023
754.000	0.089
754.500	0.029
755.000	0.118
755.500	0.114
756.000	0.173
756.500	0.109
757.000	0.113
757.500	0.281
758.000	0.029
758.500	0.102
759.000	0.155
759.500	0.066
760.000	0.155
760.500	-0.056
761.000	0.016
761.500	0.026
762.000	0.181
762.500	0.089
763.000	0.100
763.500	0.184
764.000	0.177
764.500	0.124
765.000	0.106
765.500	0.175
766.000	0.072
766.500	0.091
767.000	0.120
767.500	0.113
768.000	0.079
768.500	0.066
769.000	0.083
769.500	0.144
770.000	-0.023
770.500	0.155
771.000	0.114
771.500	0.129
772.000	0.136
772.500	0.164
773.000	0.068
773.500	0.187
774.000	0.087
774.500	0.109
775.000	0.107
775.500	0.100
776.000	-0.049
776.500	0.038
777.000	0.077
777.500	0.123
778.000	0.020
778.500	0.042
779.000	0.024
779.500	0.062
780.000	0.196
780.500	0.183
781.000	0.095
781.500	0.068
782.000	0.041
782.500	0.057
783.000	0.126
783.500	0.127
784.000	0.017
784.500	0.121
785.000	0.121
785.500	0.110
786.000	0.136
786.500	0.083
787.000	0.113
787.500	0.121
788.000	0.003
788.500	0.064
789.000	-0.012
789.500	0.094
790.000	0.103
790.500	0.070
791.000	0.126
791.500	0.123
792.000	0.003
792.500	0.062
793.000	0.072
793.500	0.176
794.000	0.095
794.500	0.046
795.000	0.053
795.500	0.159
796.000	0.055
796.500	0.141
797.000	0.177
797.500	0.100
798.000	0.132
798.500	0.000
799.000	0.142
799.500	0.083
800.000	0.110
